13
-0.096
-0.656995
0.365999
0.312
-0.440998
-0.136
-0.725994
-0.490997
-0.279
-0.231
0.005
0
0
13
0.063
-0.853993
-0.0519999
0.531997
-0.969991
-0.143
-0.446998
-1.01099
-0.036
-0.217
0.307
-0.162
0.098
13
-0.148
-1.108
0.142
0.643995
-1.225
0.004
-0.345999
-0.761994
-0.182
-0.309
0.749994
0.223
0.081
13
0.315
1.74003
1.27
0.891992
0.919992
0.862992
0.729994
0.649995
0.623996
0.683995
0.820993
0.696995
0.699995
13
0.315
1.74003
1.27
0.891992
0.919992
0.862992
0.729994
0.649995
0.623996
0.683995
0.820993
0.696995
0.699995
13
0.315
1.74003
1.27
0.891992
0.919992
0.862992
0.729994
0.649995
0.623996
0.683995
0.820993
0.696995
0.699995
